DIFFS: {-3.000000 4.000000}, {5.000000, 6.000000}
NUM: 9.000000, DEN: 5.000000
{-1.400000, 8.200000}, 9.000000, 4.000000, 10.469002
